# cuda
4096    2359139
32768   2.129277e+07
262144  1.165914e+10
2097152 2.821255e+10
16777216        2.889435e+11
134217728       8.476338e+11
1073741824      4.268842e+12
8589934592      4.946276e+12
68719476736     4.514301e+12
549755813888    6.185009e+12

# blas
4096    1.746695e+09
32768   6.248665e+09
262144  8.518083e+09
2097152 8.132089e+09
16777216        9.44745e+09
134217728       8.323584e+09
1073741824      8.79257e+09
8589934592      6.871848e+09

# host
4096    2.21047e+09
32768   1.026148e+09
262144  1.690259e+09
2097152 1.296645e+09
16777216        1.277991e+09
134217728       8.213669e+08
1073741824      8.696449e+08
