# cuda
4096    2477604
32768   9.190296e+08
262144  1.551883e+10
2097152 4.995598e+10
16777216        6.512389e+11
134217728       1.558533e+12
1073741824      4.28465e+12

# blas
4096    3.230284e+09
32768   7.588698e+09
262144  8.776751e+09
2097152 9.065708e+09
16777216        9.413112e+09
134217728       8.492432e+09
1073741824      8.890567e+09

# host
4096    2.328596e+09
32768   2.068687e+09
262144  1.581114e+09
2097152 1.448865e+09
16777216        1.332858e+09
134217728       7.978644e+08
1073741824      8.658892e+08
