# cuda
4096    2697441
32768   2.914265e+09
262144  2.420759e+10
2097152 1.991219e+11
16777216        6.065296e+11
134217728       1.087144e+12
1073741824      9.306248e+11

# blas
4096    2.468957e+09
32768   5.43146e+09
262144  6.744468e+09
2097152 6.941454e+09
16777216        6.242009e+09
134217728       6.541827e+09
1073741824      6.766877e+09

# host
4096    1.615142e+09
32768   1.534082e+09
262144  1.529794e+09
2097152 1.371639e+09
16777216        1.27677e+09
134217728       7.632836e+08
1073741824      7.524964e+08
