# host
16      2.25352e+09
32      4.81203e+09
64      6.03774e+09
128     8.70748e+09
256     1.02196e+10
512     1.00491e+10
1024    1.12651e+10
2048    1.18245e+10
4096    1.21814e+10
8192    9.18283e+09
16384   9.1952e+09
32768   9.22717e+09
65536   6.8324e+09
131072  6.72861e+09
262144  6.67895e+09
524288  6.66562e+09
1048576 6.64154e+09
2097152 5.52186e+09
4194304 3.87505e+09

# kernel
16      9.68685e+06
32      1.94094e+07
64      3.8778e+07
128     7.74944e+07
256     1.43455e+08
512     2.85742e+08
1024    5.72191e+08
2048    1.14266e+09
4096    2.28514e+09
8192    4.56633e+09
16384   9.04081e+09
32768   1.66311e+10
65536   2.80145e+10
131072  4.50758e+10
262144  6.62424e+10
524288  3.96124e+10
1048576 4.21529e+10
2097152 4.45508e+10
4194304 4.56101e+10
8388608 4.5985e+10
16777216        4.6926e+10
33554432        4.71021e+10
67108864        4.7174e+10
