16      1.50943e+09
32      3.0622e+09
64      4.86692e+09
128     5.51724e+09
256     6.44836e+09
512     7.17589e+09
1024    8.19856e+09
2048    8.78781e+09
4096    9.12453e+09
8192    6.23464e+09
16384   6.23725e+09
32768   5.87914e+09
65536   4.03835e+09
131072  4.46985e+09
262144  4.57694e+09
524288  4.52814e+09
1048576 3.92558e+09
2097152 1.93532e+09
4194304 1.80903e+09

# kernel
16      1.40403e+07
32      2.84702e+07
64      5.6591e+07
128     1.11862e+08
256     2.26314e+08
512     4.64047e+08
1024    9.31144e+08
2048    1.83605e+09
4096    3.74528e+09
8192    7.02035e+09
16384   1.26222e+10
32768   1.84252e+10
65536   2.63183e+10
131072  3.418e+10
262144  1.12109e+10
524288  1.1571e+10
1048576 1.22253e+10
2097152 1.25161e+10
4194304 1.25607e+10
8388608 1.25922e+10
16777216        1.26163e+10
33554432        1.25261e+10
67108864        1.25685e+10
